10.000000   3.221364e-40
11.000000   7.499600e-41
12.000000   3.403513e-41
13.000000   1.518079e-41
14.000000   1.592671e-41
15.000000   6.598480e-42
16.000000   1.786340e-42
17.000000   6.088844e-43
18.000000   1.727778e-43
19.000000   7.514665e-44
20.000000   4.225820e-44
21.000000   2.209675e-44
22.000000   1.418927e-44
23.000000   1.058120e-44
24.000000   8.390767e-45
25.000000   7.853788e-45
26.000000   4.196046e-45
27.000000   3.562619e-45
28.000000   2.572877e-45
29.000000   1.791573e-45
30.000000   1.522236e-45
31.000000   1.442233e-45
32.000000   9.823535e-46
33.000000   8.514825e-46
34.000000   8.315930e-46
35.000000   1.020746e-45
36.000000   7.869619e-46
37.000000   6.227567e-46
38.000000   4.748671e-46
39.000000   4.370723e-46
40.000000   4.098058e-46
41.000000   4.098267e-46
42.000000   3.291108e-46
43.000000   2.995760e-46
44.000000   2.861582e-46
45.000000   2.857490e-46
46.000000   2.456893e-46
47.000000   2.153797e-46
48.000000   2.065025e-46
49.000000   1.951729e-46
50.000000   1.861683e-46
51.000000   1.733182e-46
52.000000   1.702682e-46
53.000000   1.721976e-46
54.000000   1.810413e-46
55.000000   1.789509e-46
56.000000   1.727642e-46
57.000000   1.744950e-46
58.000000   1.819039e-46
59.000000   1.854906e-46
60.000000   2.911177e-46
61.000000   1.735161e-46
62.000000   1.626012e-46
63.000000   1.739992e-46
64.000000   1.917114e-46
65.000000   1.836043e-46
66.000000   1.618768e-46
67.000000   1.519909e-46
68.000000   1.480028e-46
69.000000   1.513914e-46
70.000000   1.508615e-46
71.000000   1.382765e-46
72.000000   1.221442e-46
73.000000   1.215708e-46
74.000000   1.339212e-46
75.000000   1.333340e-46
76.000000   1.167792e-46
77.000000   1.080425e-46
78.000000   1.099645e-46
79.000000   1.117241e-46
80.000000   1.141046e-46
81.000000   1.205708e-46
82.000000   1.210105e-46
83.000000   1.176256e-46
84.000000   1.092628e-46
85.000000   1.013703e-46
86.000000   9.984651e-47
87.000000   1.148569e-46
88.000000   9.144843e-47
89.000000   8.812992e-47
90.000000   8.373914e-47
91.000000   8.497751e-47
92.000000   8.410891e-47
93.000000   7.982662e-47
94.000000   7.676204e-47
95.000000   7.462123e-47
96.000000   7.316840e-47
97.000000   7.247370e-47
98.000000   7.096474e-47
99.000000   6.994729e-47
100.000000   6.880650e-47
101.000000   6.802811e-47
102.000000   6.773672e-47
103.000000   6.731065e-47
104.000000   6.729407e-47
105.000000   6.727069e-47
106.000000   6.698387e-47
107.000000   6.797861e-47
108.000000   6.821016e-47
109.000000   6.802926e-47
110.000000   6.653186e-47
111.000000   6.668378e-47
112.000000   6.845190e-47
113.000000   7.179148e-47
114.000000   7.701182e-47
115.000000   8.358195e-47
116.000000   8.746022e-47
117.000000   8.746302e-47
118.000000   8.399214e-47
119.000000   7.994906e-47
120.000000   8.818016e-47
121.000000   6.964521e-47
122.000000   6.744939e-47
123.000000   6.629340e-47
124.000000   6.543923e-47
125.000000   6.503852e-47
126.000000   6.394033e-47
127.000000   6.399116e-47
128.000000   6.427258e-47
129.000000   6.519595e-47
130.000000   6.550262e-47
131.000000   6.516055e-47
132.000000   6.459200e-47
133.000000   6.447484e-47
134.000000   6.371025e-47
135.000000   6.424645e-47
136.000000   6.785088e-47
137.000000   6.526396e-47
138.000000   6.468350e-47
139.000000   6.530889e-47
140.000000   6.781580e-47
141.000000   6.441448e-47
142.000000   6.366061e-47
143.000000   6.347150e-47
144.000000   6.318243e-47
145.000000   6.311584e-47
146.000000   6.265795e-47
147.000000   6.310309e-47
148.000000   6.298874e-47
149.000000   6.297575e-47
150.000000   6.268020e-47
151.000000   6.166947e-47
152.000000   6.086562e-47
153.000000   6.143900e-47
154.000000   6.077801e-47
155.000000   6.117342e-47
156.000000   6.054220e-47
157.000000   6.077190e-47
158.000000   6.066691e-47
159.000000   6.124286e-47
160.000000   6.195606e-47
161.000000   6.285850e-47
162.000000   6.351055e-47
163.000000   6.457184e-47
164.000000   6.406307e-47
165.000000   6.387585e-47
166.000000   6.292171e-47
167.000000   6.249946e-47
168.000000   6.188968e-47
169.000000   6.110354e-47
170.000000   6.024247e-47
171.000000   5.975664e-47
172.000000   5.900907e-47
173.000000   5.879963e-47
174.000000   5.923026e-47
175.000000   5.963945e-47
176.000000   5.964300e-47
177.000000   6.076175e-47
178.000000   6.185116e-47
179.000000   6.416827e-47
180.000000   9.090123e-47
181.000000   6.450520e-47
182.000000   6.142802e-47
183.000000   6.112987e-47
184.000000   6.063009e-47
185.000000   5.990975e-47
186.000000   5.950866e-47
187.000000   5.970249e-47
188.000000   5.955836e-47
189.000000   6.009845e-47
190.000000   5.994596e-47
191.000000   6.003490e-47
192.000000   6.007922e-47
193.000000   6.049223e-47
194.000000   6.066920e-47
195.000000   6.114913e-47
196.000000   6.258299e-47
197.000000   6.130132e-47
198.000000   6.324435e-47
199.000000   6.021129e-47
200.000000   5.991967e-47
201.000000   5.988671e-47
202.000000   5.967930e-47
203.000000   5.979341e-47
204.000000   5.980288e-47
205.000000   5.974487e-47
206.000000   6.013473e-47
207.000000   6.024025e-47
208.000000   6.012485e-47
209.000000   6.044938e-47
210.000000   6.046100e-47
211.000000   6.038609e-47
212.000000   5.997676e-47
213.000000   6.053544e-47
214.000000   6.097020e-47
215.000000   6.095695e-47
216.000000   6.138266e-47
217.000000   6.180820e-47
218.000000   6.160036e-47
219.000000   6.166926e-47
220.000000   6.132611e-47
221.000000   6.103341e-47
222.000000   6.108774e-47
223.000000   6.125920e-47
224.000000   6.121772e-47
225.000000   6.163683e-47
226.000000   6.155135e-47
227.000000   6.185408e-47
228.000000   6.175643e-47
229.000000   6.209352e-47
230.000000   6.215176e-47
231.000000   6.201541e-47
232.000000   6.232099e-47
233.000000   6.211222e-47
234.000000   6.195424e-47
235.000000   6.225551e-47
236.000000   6.227425e-47
237.000000   6.306040e-47
238.000000   6.275981e-47
239.000000   6.262188e-47
240.000000   6.811989e-47
241.000000   6.328818e-47
242.000000   6.342599e-47
243.000000   6.340276e-47
244.000000   6.436477e-47
245.000000   6.486939e-47
246.000000   6.447500e-47
247.000000   6.515266e-47
248.000000   6.479467e-47
249.000000   6.496677e-47
250.000000   6.489672e-47
251.000000   6.427423e-47
252.000000   6.414786e-47
253.000000   6.464756e-47
254.000000   6.375762e-47
255.000000   6.397806e-47
256.000000   6.426073e-47
257.000000   6.410083e-47
258.000000   6.450912e-47
259.000000   6.500144e-47
260.000000   6.508877e-47
261.000000   6.475802e-47
262.000000   6.450477e-47
263.000000   6.476852e-47
264.000000   6.479791e-47
265.000000   6.466748e-47
266.000000   6.521211e-47
267.000000   6.527390e-47
268.000000   6.576483e-47
269.000000   6.671763e-47
270.000000   6.672629e-47
271.000000   6.675192e-47
272.000000   6.647116e-47
273.000000   6.651906e-47
274.000000   6.768786e-47
275.000000   6.766654e-47
276.000000   6.776234e-47
277.000000   6.735353e-47
278.000000   7.198878e-47
279.000000   6.915832e-47
280.000000   7.020927e-47
281.000000   7.242935e-47
282.000000   6.992432e-47
283.000000   7.149918e-47
284.000000   6.878527e-47
285.000000   6.837620e-47
286.000000   6.815350e-47
287.000000   6.805123e-47
288.000000   6.752789e-47
289.000000   6.820023e-47
290.000000   6.846723e-47
291.000000   6.822989e-47
292.000000   6.836481e-47
293.000000   6.874193e-47
294.000000   6.909743e-47
295.000000   6.915008e-47
296.000000   6.986830e-47
297.000000   7.075357e-47
298.000000   7.224022e-47
299.000000   7.693989e-47
300.000000   1.010431e-46
301.000000   7.661406e-47
302.000000   8.236706e-47
303.000000   8.202208e-47
304.000000   7.229233e-47
305.000000   7.157109e-47
306.000000   8.799553e-47
307.000000   7.393297e-47
308.000000   7.128137e-47
309.000000   7.102103e-47
310.000000   7.122096e-47
311.000000   7.088884e-47
312.000000   7.133746e-47
313.000000   7.207108e-47
314.000000   7.247937e-47
315.000000   9.118954e-47
316.000000   7.247179e-47
317.000000   7.246402e-47
318.000000   7.284847e-47
319.000000   7.279719e-47
320.000000   7.285760e-47
321.000000   7.349306e-47
322.000000   7.360901e-47
323.000000   7.402148e-47
324.000000   7.386783e-47
325.000000   7.439303e-47
326.000000   7.532250e-47
327.000000   7.526590e-47
328.000000   7.644278e-47
329.000000   7.560078e-47
330.000000   7.603751e-47
331.000000   1.183510e-46
332.000000   8.616673e-47
333.000000   7.698147e-47
334.000000   7.704890e-47
335.000000   7.705231e-47
336.000000   7.713139e-47
337.000000   7.715284e-47
338.000000   7.745182e-47
339.000000   7.793017e-47
340.000000   7.789507e-47
341.000000   7.783408e-47
342.000000   7.795510e-47
343.000000   7.770651e-47
344.000000   7.772997e-47
345.000000   7.814085e-47
346.000000   7.792544e-47
347.000000   7.893505e-47
348.000000   7.954287e-47
349.000000   7.978986e-47
350.000000   8.101252e-47
351.000000   8.171385e-47
352.000000   8.325285e-47
353.000000   8.478498e-47
354.000000   8.659689e-47
355.000000   8.590891e-47
356.000000   8.636393e-47
357.000000   8.315851e-47
358.000000   8.336652e-47
359.000000   8.324276e-47
360.000000   8.812028e-47
361.000000   8.432873e-47
362.000000   8.489438e-47
363.000000   8.516676e-47
364.000000   8.659850e-47
365.000000   8.658034e-47
366.000000   8.665485e-47
367.000000   8.624676e-47
368.000000   8.513287e-47
369.000000   8.451734e-47
370.000000   8.397974e-47
371.000000   8.377755e-47
372.000000   8.301060e-47
373.000000   8.287267e-47
374.000000   8.284234e-47
375.000000   8.261311e-47
376.000000   8.214777e-47
377.000000   8.253624e-47
378.000000   8.301904e-47
379.000000   9.232542e-47
380.000000   8.291473e-47
381.000000   8.329535e-47
382.000000   8.342397e-47
383.000000   8.339680e-47
384.000000   8.340644e-47
385.000000   8.337160e-47
386.000000   8.394472e-47
387.000000   8.363454e-47
388.000000   8.399230e-47
389.000000   8.400102e-47
390.000000   8.457684e-47
391.000000   8.410993e-47
392.000000   8.521585e-47
393.000000   8.486099e-47
394.000000   8.456217e-47
395.000000   8.543325e-47
396.000000   8.525409e-47
397.000000   8.479053e-47
398.000000   8.580620e-47
399.000000   8.539016e-47
400.000000   8.532937e-47
401.000000   8.574090e-47
402.000000   8.632113e-47
403.000000   8.602722e-47
404.000000   8.619085e-47
405.000000   8.648983e-47
406.000000   8.676075e-47
407.000000   8.705255e-47
408.000000   8.708016e-47
409.000000   8.726835e-47
410.000000   8.776491e-47
411.000000   8.765912e-47
412.000000   8.874912e-47
413.000000   8.805435e-47
414.000000   8.855042e-47
415.000000   8.884234e-47
416.000000   8.993826e-47
417.000000   8.968831e-47
418.000000   8.917021e-47
419.000000   8.986107e-47
420.000000   1.038729e-46
421.000000   8.976974e-47
422.000000   9.016434e-47
423.000000   9.049392e-47
424.000000   9.056543e-47
425.000000   9.123814e-47
426.000000   9.088479e-47
427.000000   9.145246e-47
428.000000   9.151275e-47
429.000000   9.197590e-47
430.000000   9.231908e-47
431.000000   9.247422e-47
432.000000   9.338337e-47
433.000000   9.372538e-47
434.000000   9.313180e-47
435.000000   9.348876e-47
436.000000   9.378882e-47
437.000000   9.402558e-47
438.000000   9.453328e-47
439.000000   9.394222e-47
440.000000   9.463926e-47
441.000000   9.484836e-47
442.000000   9.418697e-47
443.000000   9.506626e-47
444.000000   9.519376e-47
445.000000   9.533679e-47
446.000000   9.568607e-47
447.000000   9.580632e-47
448.000000   9.602995e-47
449.000000   9.565732e-47
450.000000   9.586118e-47
451.000000   9.587155e-47
452.000000   9.677756e-47
453.000000   9.945626e-47
454.000000   9.950419e-47
455.000000   1.071860e-46
456.000000   1.043870e-46
457.000000   1.002446e-46
458.000000   9.826578e-47
459.000000   9.788514e-47
460.000000   9.827591e-47
461.000000   9.898765e-47
462.000000   9.901192e-47
463.000000   9.929578e-47
464.000000   1.000738e-46
465.000000   9.990969e-47
466.000000   1.006681e-46
467.000000   1.003415e-46
468.000000   1.001409e-46
469.000000   1.006900e-46
470.000000   1.007288e-46
471.000000   1.013113e-46
472.000000   1.009558e-46
473.000000   1.014605e-46
474.000000   1.018542e-46
475.000000   1.028296e-46
476.000000   1.025643e-46
477.000000   1.039189e-46
478.000000   1.046545e-46
479.000000   1.060626e-46
480.000000   1.099496e-46
481.000000   1.056438e-46
482.000000   1.060479e-46
483.000000   1.052660e-46
484.000000   1.052036e-46
485.000000   1.101532e-46
486.000000   1.070681e-46
487.000000   1.070174e-46
488.000000   1.071846e-46
489.000000   1.092456e-46
490.000000   1.107586e-46
491.000000   1.111239e-46
492.000000   1.104450e-46
493.000000   1.091008e-46
494.000000   1.082241e-46
495.000000   1.077368e-46
496.000000   1.079341e-46
497.000000   1.079925e-46
498.000000   1.162318e-46
499.000000   2.159178e-46
500.000000   1.896416e-46
501.000000   1.335811e-46
502.000000   1.474142e-46
503.000000   2.718598e-46
504.000000   1.286026e-46
505.000000   1.239556e-46
506.000000   1.533171e-46
507.000000   2.901019e-46
508.000000   3.666636e-46
509.000000   2.522199e-46
510.000000   2.469419e-46
511.000000   2.434572e-46
512.000000   2.334359e-46
513.000000   2.381927e-46
514.000000   1.859427e-46
515.000000   2.436726e-46
516.000000   2.277285e-46
517.000000   2.023013e-46
518.000000   1.238282e-46
519.000000   1.130103e-46
520.000000   1.140437e-46
521.000000   1.134224e-46
522.000000   1.140759e-46
523.000000   1.139748e-46
524.000000   1.140102e-46
525.000000   1.141410e-46
526.000000   1.142537e-46
527.000000   1.148559e-46
528.000000   1.158668e-46
529.000000   1.162919e-46
530.000000   1.157106e-46
531.000000   1.163017e-46
532.000000   1.158534e-46
533.000000   1.159379e-46
534.000000   1.163786e-46
535.000000   1.163384e-46
536.000000   1.163768e-46
537.000000   1.179730e-46
538.000000   1.167761e-46
539.000000   1.179069e-46
540.000000   1.289333e-46
541.000000   1.195765e-46
542.000000   1.196403e-46
543.000000   1.199818e-46
544.000000   1.201294e-46
545.000000   1.212396e-46
546.000000   1.219426e-46
547.000000   1.234983e-46
548.000000   1.271868e-46
549.000000   1.280824e-46
550.000000   1.279189e-46
551.000000   1.312007e-46
552.000000   1.302981e-46
553.000000   1.300505e-46
554.000000   1.298767e-46
555.000000   1.302650e-46
556.000000   1.388555e-46
557.000000   1.310578e-46
558.000000   1.263075e-46
559.000000   1.294710e-46
560.000000   1.269586e-46
561.000000   1.267701e-46
562.000000   1.261168e-46
563.000000   1.263557e-46
564.000000   1.264432e-46
565.000000   1.272289e-46
566.000000   1.282036e-46
567.000000   1.294702e-46
568.000000   1.316337e-46
569.000000   1.335898e-46
570.000000   1.323883e-46
571.000000   1.308730e-46
572.000000   1.302698e-46
573.000000   1.297727e-46
574.000000   1.284656e-46
575.000000   1.291432e-46
576.000000   1.298858e-46
577.000000   1.293994e-46
578.000000   1.310869e-46
579.000000   1.309256e-46
580.000000   1.317815e-46
581.000000   1.315733e-46
582.000000   1.322677e-46
583.000000   1.326677e-46
584.000000   1.333882e-46
585.000000   1.320381e-46
586.000000   1.329138e-46
587.000000   1.320104e-46
588.000000   1.319292e-46
589.000000   1.319331e-46
590.000000   1.320688e-46
591.000000   1.321218e-46
592.000000   1.335863e-46
593.000000   1.331559e-46
594.000000   1.339516e-46
595.000000   1.333980e-46
596.000000   1.341406e-46
597.000000   1.330565e-46
598.000000   1.384638e-46
599.000000   1.537977e-46
600.000000   1.415420e-46
601.000000   1.318177e-46
602.000000   1.362863e-46
603.000000   1.395663e-46
604.000000   1.439254e-46
605.000000   1.379868e-46
606.000000   1.390198e-46
607.000000   1.370357e-46
608.000000   1.406489e-46
609.000000   1.415122e-46
610.000000   1.415014e-46
611.000000   1.429275e-46
612.000000   1.506249e-46
613.000000   1.411559e-46
614.000000   1.414319e-46
615.000000   1.450545e-46
616.000000   1.415864e-46
617.000000   1.430824e-46
618.000000   1.461444e-46
619.000000   1.513932e-46
620.000000   1.586627e-46
621.000000   1.491319e-46
622.000000   1.470469e-46
623.000000   1.449689e-46
624.000000   1.452424e-46
625.000000   1.450286e-46
626.000000   1.460382e-46
627.000000   1.456703e-46
628.000000   1.458947e-46
629.000000   1.457560e-46
630.000000   1.630986e-46
631.000000   1.459173e-46
632.000000   1.459406e-46
633.000000   1.459268e-46
634.000000   1.461607e-46
635.000000   1.470983e-46
636.000000   1.471718e-46
637.000000   1.474567e-46
638.000000   1.480831e-46
639.000000   1.486198e-46
640.000000   1.483651e-46
641.000000   1.482786e-46
642.000000   1.495909e-46
643.000000   1.491815e-46
644.000000   1.498608e-46
645.000000   1.498453e-46
646.000000   1.490954e-46
647.000000   1.505122e-46
648.000000   1.510536e-46
649.000000   1.507063e-46
650.000000   1.513119e-46
651.000000   1.526935e-46
652.000000   1.526961e-46
653.000000   1.532213e-46
654.000000   1.539457e-46
655.000000   1.540837e-46
656.000000   1.532860e-46
657.000000   1.538804e-46
658.000000   1.538154e-46
659.000000   1.549117e-46
660.000000   1.557849e-46
661.000000   1.552630e-46
662.000000   1.550796e-46
663.000000   1.559594e-46
664.000000   1.546662e-46
665.000000   1.559936e-46
666.000000   1.553792e-46
667.000000   1.566509e-46
668.000000   1.572885e-46
669.000000   1.578711e-46
670.000000   1.584638e-46
671.000000   1.600757e-46
672.000000   1.635336e-46
673.000000   1.640296e-46
674.000000   1.631406e-46
675.000000   1.633191e-46
676.000000   1.631530e-46
677.000000   1.624546e-46
678.000000   1.625411e-46
679.000000   1.637127e-46
680.000000   1.635737e-46
681.000000   1.654290e-46
682.000000   1.650509e-46
683.000000   1.669920e-46
684.000000   1.702128e-46
685.000000   1.674114e-46
686.000000   1.652560e-46
687.000000   1.650567e-46
688.000000   1.685799e-46
689.000000   1.678390e-46
690.000000   1.699260e-46
691.000000   1.708347e-46
692.000000   1.699151e-46
693.000000   1.697960e-46
694.000000   1.691799e-46
695.000000   1.698198e-46
696.000000   1.695246e-46
697.000000   1.682597e-46
698.000000   1.678595e-46
699.000000   1.686472e-46
700.000000   1.692186e-46
701.000000   1.691870e-46
702.000000   1.695764e-46
703.000000   1.697096e-46
704.000000   1.702898e-46
705.000000   1.712264e-46
706.000000   1.705621e-46
707.000000   1.722160e-46
708.000000   1.723934e-46
709.000000   1.718473e-46
710.000000   1.730015e-46
711.000000   1.726657e-46
712.000000   1.741425e-46
713.000000   1.732615e-46
714.000000   1.742238e-46
715.000000   1.746875e-46
716.000000   1.751209e-46
717.000000   1.751771e-46
718.000000   1.760055e-46
719.000000   1.762263e-46
720.000000   1.824289e-46
721.000000   1.759856e-46
722.000000   1.764078e-46
723.000000   1.772966e-46
724.000000   1.773908e-46
725.000000   1.768273e-46
726.000000   1.775770e-46
727.000000   1.785500e-46
728.000000   1.780944e-46
729.000000   1.792710e-46
730.000000   1.797091e-46
731.000000   1.799883e-46
732.000000   1.807267e-46
733.000000   1.814738e-46
734.000000   1.815735e-46
735.000000   1.826462e-46
736.000000   1.825157e-46
737.000000   1.824412e-46
738.000000   1.831928e-46
739.000000   1.827315e-46
740.000000   1.841245e-46
741.000000   1.838175e-46
742.000000   1.849749e-46
743.000000   1.843624e-46
744.000000   1.857342e-46
745.000000   1.855774e-46
746.000000   1.856318e-46
747.000000   1.862707e-46
748.000000   1.870439e-46
749.000000   1.864837e-46
750.000000   1.870038e-46
751.000000   1.876139e-46
752.000000   1.894967e-46
753.000000   1.899621e-46
754.000000   1.901053e-46
755.000000   1.898805e-46
756.000000   1.900995e-46
757.000000   1.900831e-46
758.000000   1.906365e-46
759.000000   1.905861e-46
760.000000   1.907983e-46
761.000000   1.921931e-46
762.000000   1.922562e-46
763.000000   1.924233e-46
764.000000   1.923503e-46
765.000000   1.940227e-46
766.000000   1.927103e-46
767.000000   1.931020e-46
768.000000   1.937604e-46
769.000000   1.952184e-46
770.000000   1.955193e-46
771.000000   1.955760e-46
772.000000   1.967599e-46
773.000000   1.964280e-46
774.000000   1.961094e-46
775.000000   1.968478e-46
776.000000   1.977031e-46
777.000000   1.973827e-46
778.000000   1.984267e-46
779.000000   1.982062e-46
780.000000   2.010786e-46
781.000000   1.996163e-46
782.000000   1.994665e-46
783.000000   1.998456e-46
784.000000   2.012233e-46
785.000000   1.996572e-46
786.000000   2.007889e-46
787.000000   2.022767e-46
788.000000   2.031382e-46
789.000000   2.024253e-46
790.000000   2.040368e-46
791.000000   2.053353e-46
792.000000   2.032267e-46
793.000000   2.049772e-46
794.000000   2.049049e-46
795.000000   2.041561e-46
796.000000   2.055988e-46
797.000000   2.055379e-46
798.000000   2.061962e-46
799.000000   2.068082e-46
800.000000   2.065377e-46
801.000000   2.071856e-46
802.000000   2.079581e-46
803.000000   2.078753e-46
804.000000   2.095674e-46
805.000000   2.103483e-46
806.000000   2.098662e-46
807.000000   2.105619e-46
808.000000   2.120178e-46
809.000000   2.110665e-46
810.000000   2.113423e-46
811.000000   2.123614e-46
812.000000   2.125264e-46
813.000000   2.121998e-46
814.000000   2.129799e-46
815.000000   2.134490e-46
816.000000   2.148980e-46
817.000000   2.145512e-46
818.000000   2.155778e-46
819.000000   2.166901e-46
820.000000   2.177923e-46
821.000000   2.209047e-46
822.000000   2.234907e-46
823.000000   2.251211e-46
824.000000   2.264964e-46
825.000000   2.210273e-46
826.000000   2.240662e-46
827.000000   2.244741e-46
828.000000   2.243440e-46
829.000000   2.237676e-46
830.000000   2.247962e-46
831.000000   2.270403e-46
832.000000   2.291879e-46
833.000000   2.289787e-46
834.000000   2.328556e-46
835.000000   2.311112e-46
836.000000   2.258263e-46
837.000000   2.284947e-46
838.000000   2.287808e-46
839.000000   2.288164e-46
840.000000   2.524123e-46
841.000000   2.271970e-46
842.000000   2.269364e-46
843.000000   2.256917e-46
844.000000   2.263502e-46
845.000000   2.264007e-46
846.000000   2.266931e-46
847.000000   2.287454e-46
848.000000   2.286208e-46
849.000000   2.304537e-46
850.000000   2.310637e-46
851.000000   2.328790e-46
852.000000   2.347615e-46
853.000000   2.333112e-46
854.000000   2.340090e-46
855.000000   2.373178e-46
856.000000   2.344995e-46
857.000000   2.346187e-46
858.000000   2.353985e-46
859.000000   2.350086e-46
860.000000   2.364668e-46
861.000000   2.348443e-46
862.000000   2.364205e-46
863.000000   2.371011e-46
864.000000   2.378525e-46
865.000000   2.352050e-46
866.000000   2.369520e-46
867.000000   2.378384e-46
868.000000   2.393855e-46
869.000000   2.388076e-46
870.000000   2.406942e-46
871.000000   2.402467e-46
872.000000   2.396165e-46
873.000000   2.401359e-46
874.000000   2.405076e-46
875.000000   2.439652e-46
876.000000   2.425031e-46
877.000000   2.418180e-46
878.000000   2.437908e-46
879.000000   2.444930e-46
880.000000   2.447042e-46
881.000000   2.434964e-46
882.000000   2.446631e-46
883.000000   2.455583e-46
884.000000   2.447644e-46
885.000000   2.483195e-46
886.000000   2.473100e-46
887.000000   2.485781e-46
888.000000   2.474470e-46
889.000000   2.488409e-46
890.000000   2.470969e-46
891.000000   2.481296e-46
892.000000   2.490520e-46
893.000000   2.502671e-46
894.000000   2.498762e-46
895.000000   2.502737e-46
896.000000   2.516373e-46
897.000000   2.511639e-46
898.000000   2.522362e-46
899.000000   2.569501e-46
900.000000   2.556973e-46
901.000000   2.532604e-46
902.000000   2.536507e-46
903.000000   2.523338e-46
904.000000   2.547059e-46
905.000000   2.563625e-46
906.000000   2.547184e-46
907.000000   2.555277e-46
908.000000   2.561393e-46
909.000000   2.565062e-46
910.000000   2.618433e-46
911.000000   2.574851e-46
912.000000   2.571066e-46
913.000000   2.573548e-46
914.000000   2.577194e-46
915.000000   2.584323e-46
916.000000   2.601134e-46
917.000000   2.592458e-46
918.000000   2.606599e-46
919.000000   2.617993e-46
920.000000   2.627580e-46
921.000000   2.628366e-46
922.000000   2.616424e-46
923.000000   2.635497e-46
924.000000   2.628148e-46
925.000000   2.633085e-46
926.000000   2.637178e-46
927.000000   2.668525e-46
928.000000   2.650399e-46
929.000000   2.647682e-46
930.000000   2.629598e-46
931.000000   2.655439e-46
932.000000   2.670945e-46
933.000000   2.694902e-46
934.000000   2.682225e-46
935.000000   2.668350e-46
936.000000   2.692708e-46
937.000000   2.671966e-46
938.000000   2.717723e-46
939.000000   2.711427e-46
940.000000   2.722321e-46
941.000000   2.727548e-46
942.000000   2.727827e-46
943.000000   2.739793e-46
944.000000   2.764497e-46
945.000000   2.802529e-46
946.000000   2.769078e-46
947.000000   2.771013e-46
948.000000   2.761012e-46
949.000000   2.774396e-46
950.000000   2.776991e-46
951.000000   2.779954e-46
952.000000   2.785071e-46
953.000000   2.771567e-46
954.000000   2.783269e-46
955.000000   2.784368e-46
956.000000   2.783318e-46
957.000000   2.799059e-46
958.000000   2.813041e-46
959.000000   2.816679e-46
960.000000   3.036930e-46
961.000000   2.821406e-46
962.000000   2.840786e-46
963.000000   2.850141e-46
964.000000   2.849636e-46
965.000000   2.846472e-46
966.000000   2.856351e-46
967.000000   2.869544e-46
968.000000   2.875338e-46
969.000000   2.868642e-46
970.000000   2.900467e-46
971.000000   2.898340e-46
972.000000   2.913763e-46
973.000000   2.913241e-46
974.000000   2.925421e-46
975.000000   2.930087e-46
976.000000   2.925940e-46
977.000000   2.952886e-46
978.000000   2.954815e-46
979.000000   2.965445e-46
980.000000   3.002022e-46
981.000000   3.005232e-46
982.000000   3.013888e-46
983.000000   3.029137e-46
984.000000   3.044417e-46
985.000000   3.059509e-46
986.000000   3.084963e-46
987.000000   3.111050e-46
988.000000   3.228432e-46
989.000000   3.357723e-46
990.000000   3.316969e-46
991.000000   4.486108e-46
992.000000   5.693007e-46
993.000000   4.370102e-46
994.000000   6.062016e-46
995.000000   5.653798e-46
996.000000   5.439423e-46
997.000000   4.675461e-46
998.000000   5.028792e-46
999.000000   4.420666e-46
1000.000000   3.441510e-46
1001.000000   3.424652e-46
1002.000000   3.328208e-46
1003.000000   3.236235e-46
1004.000000   4.926473e-46
1005.000000   3.908019e-46
1006.000000   3.741939e-46
1007.000000   3.406531e-46
1008.000000   3.835702e-46
1009.000000   1.352112e-45
1010.000000   1.753629e-45
1011.000000   7.171939e-46
1012.000000   9.133460e-46
1013.000000   4.266574e-46
1014.000000   4.003310e-46
1015.000000   5.162213e-46
1016.000000   6.972659e-46
1017.000000   6.081220e-46
1018.000000   6.575843e-46
1019.000000   6.484913e-46
1020.000000   6.728925e-46
1021.000000   6.445397e-46
1022.000000   6.078570e-46
1023.000000   6.046504e-46
1024.000000   5.023479e-46
1025.000000   5.506961e-46
1026.000000   3.747714e-46
1027.000000   3.560880e-46
1028.000000   3.428879e-46
1029.000000   3.376201e-46
1030.000000   3.331766e-46
1031.000000   3.320347e-46
1032.000000   3.323978e-46
1033.000000   3.299773e-46
1034.000000   3.330246e-46
1035.000000   3.338811e-46
1036.000000   3.341670e-46
1037.000000   3.328137e-46
1038.000000   3.364642e-46
1039.000000   3.402611e-46
1040.000000   3.383926e-46
1041.000000   3.428001e-46
1042.000000   3.465910e-46
1043.000000   3.510361e-46
1044.000000   3.488608e-46
1045.000000   3.541954e-46
1046.000000   3.509061e-46
1047.000000   3.519630e-46
1048.000000   3.527466e-46
1049.000000   3.536669e-46
1050.000000   3.510844e-46
1051.000000   3.535538e-46
1052.000000   3.501755e-46
1053.000000   3.515712e-46
1054.000000   3.519514e-46
1055.000000   3.507041e-46
1056.000000   3.495921e-46
1057.000000   3.467554e-46
1058.000000   3.474557e-46
1059.000000   3.453989e-46
1060.000000   3.440905e-46
1061.000000   3.435597e-46
1062.000000   3.424560e-46
1063.000000   3.436825e-46
1064.000000   3.436808e-46
1065.000000   3.449254e-46
1066.000000   3.445844e-46
1067.000000   3.427187e-46
1068.000000   3.443874e-46
1069.000000   3.440405e-46
1070.000000   3.453416e-46
1071.000000   3.452387e-46
1072.000000   3.436570e-46
1073.000000   3.457728e-46
1074.000000   3.472988e-46
1075.000000   3.473143e-46
1076.000000   3.487336e-46
1077.000000   3.476245e-46
1078.000000   3.481372e-46
1079.000000   3.493963e-46
1080.000000   3.916209e-46
1081.000000   3.503337e-46
1082.000000   3.494069e-46
1083.000000   3.571242e-46
1084.000000   3.521634e-46
1085.000000   3.500535e-46
1086.000000   3.511925e-46
1087.000000   3.495291e-46
1088.000000   3.516528e-46
1089.000000   3.518607e-46
1090.000000   3.518006e-46
1091.000000   3.526193e-46
1092.000000   3.552368e-46
1093.000000   3.509004e-46
1094.000000   3.543077e-46
1095.000000   3.532919e-46
1096.000000   3.575339e-46
1097.000000   3.566816e-46
1098.000000   3.572656e-46
1099.000000   3.578688e-46
1100.000000   3.584543e-46
1101.000000   3.582587e-46
1102.000000   3.600826e-46
1103.000000   3.584175e-46
1104.000000   3.603592e-46
1105.000000   3.602878e-46
1106.000000   3.629775e-46
1107.000000   3.638880e-46
1108.000000   3.636482e-46
1109.000000   3.637710e-46
1110.000000   3.657956e-46
1111.000000   3.629994e-46
1112.000000   3.657083e-46
1113.000000   3.669463e-46
1114.000000   3.675357e-46
1115.000000   3.670272e-46
1116.000000   3.679319e-46
1117.000000   3.695483e-46
1118.000000   3.710140e-46
1119.000000   3.705445e-46
1120.000000   3.703943e-46
1121.000000   3.719185e-46
1122.000000   3.733100e-46
1123.000000   3.724159e-46
1124.000000   3.743913e-46
1125.000000   3.751165e-46
1126.000000   3.731531e-46
1127.000000   3.761885e-46
1128.000000   3.758897e-46
1129.000000   3.765597e-46
1130.000000   3.768956e-46
1131.000000   3.743441e-46
1132.000000   3.786573e-46
1133.000000   3.780570e-46
1134.000000   3.812742e-46
1135.000000   3.782816e-46
1136.000000   3.777865e-46
1137.000000   3.796760e-46
1138.000000   3.823389e-46
1139.000000   3.794293e-46
1140.000000   3.825705e-46
1141.000000   3.826603e-46
1142.000000   3.906348e-46
1143.000000   3.828805e-46
1144.000000   3.830901e-46
1145.000000   3.836295e-46
1146.000000   3.871839e-46
1147.000000   3.862401e-46
1148.000000   3.848825e-46
1149.000000   3.865732e-46
1150.000000   3.875962e-46
1151.000000   3.898963e-46
1152.000000   3.887867e-46
1153.000000   3.899247e-46
1154.000000   3.903169e-46
1155.000000   3.894337e-46
1156.000000   3.908904e-46
1157.000000   3.928143e-46
1158.000000   3.925939e-46
1159.000000   3.942591e-46
1160.000000   3.956661e-46
1161.000000   3.951929e-46
1162.000000   3.956372e-46
1163.000000   3.964455e-46
1164.000000   3.963416e-46
1165.000000   3.982729e-46
1166.000000   3.974654e-46
1167.000000   4.003969e-46
1168.000000   3.968291e-46
1169.000000   3.995093e-46
1170.000000   4.001135e-46
1171.000000   3.987449e-46
1172.000000   3.997640e-46
1173.000000   4.006717e-46
1174.000000   4.006564e-46
1175.000000   4.006055e-46
1176.000000   4.032269e-46
1177.000000   4.041852e-46
1178.000000   4.043577e-46
1179.000000   4.051561e-46
1180.000000   4.048778e-46
1181.000000   4.065632e-46
1182.000000   4.042706e-46
1183.000000   4.071642e-46
1184.000000   4.081529e-46
1185.000000   4.082000e-46
1186.000000   4.077824e-46
1187.000000   4.072169e-46
1188.000000   4.073971e-46
1189.000000   4.088100e-46
1190.000000   4.092025e-46
1191.000000   4.100379e-46
1192.000000   4.126819e-46
1193.000000   4.128221e-46
1194.000000   4.157633e-46
1195.000000   4.141284e-46
1196.000000   4.137101e-46
1197.000000   4.166113e-46
1198.000000   4.155936e-46
1199.000000   4.219781e-46
1200.000000   4.502665e-46
1201.000000   4.174463e-46
1202.000000   4.180249e-46
1203.000000   4.190145e-46
1204.000000   4.195261e-46
1205.000000   4.201853e-46
1206.000000   4.201092e-46
1207.000000   4.196827e-46
1208.000000   4.193151e-46
1209.000000   4.228289e-46
1210.000000   4.231061e-46
1211.000000   4.246602e-46
1212.000000   4.265872e-46
1213.000000   4.275532e-46
1214.000000   4.276925e-46
1215.000000   4.255932e-46
1216.000000   4.415067e-46
1217.000000   4.296389e-46
1218.000000   4.289092e-46
1219.000000   4.282732e-46
1220.000000   4.292512e-46
1221.000000   4.306060e-46
1222.000000   4.296821e-46
1223.000000   4.326813e-46
1224.000000   4.311616e-46
1225.000000   4.368247e-46
1226.000000   4.331848e-46
1227.000000   4.339066e-46
1228.000000   4.374722e-46
1229.000000   4.339863e-46
1230.000000   4.380436e-46
1231.000000   4.366303e-46
1232.000000   4.388186e-46
1233.000000   4.387072e-46
1234.000000   4.414557e-46
1235.000000   4.392603e-46
1236.000000   4.395619e-46
1237.000000   4.397801e-46
1238.000000   4.420694e-46
1239.000000   4.409599e-46
1240.000000   4.426846e-46
1241.000000   4.421837e-46
1242.000000   4.430197e-46
1243.000000   4.442825e-46
1244.000000   4.454408e-46
1245.000000   4.446110e-46
1246.000000   4.451374e-46
1247.000000   4.451645e-46
1248.000000   4.477131e-46
1249.000000   4.486122e-46
1250.000000   4.504980e-46
1251.000000   4.487003e-46
1252.000000   4.534853e-46
1253.000000   4.562506e-46
1254.000000   4.533449e-46
1255.000000   4.539586e-46
1256.000000   4.597164e-46
1257.000000   4.565631e-46
1258.000000   4.576958e-46
1259.000000   4.578219e-46
1260.000000   4.593938e-46
1261.000000   4.625487e-46
1262.000000   4.617635e-46
1263.000000   4.600365e-46
1264.000000   4.616878e-46
1265.000000   4.629552e-46
1266.000000   4.626538e-46
1267.000000   4.628345e-46
1268.000000   4.625784e-46
1269.000000   4.628144e-46
1270.000000   4.642712e-46
1271.000000   4.647052e-46
1272.000000   4.670500e-46
1273.000000   4.681369e-46
1274.000000   4.671705e-46
1275.000000   4.655565e-46
1276.000000   4.687966e-46
1277.000000   4.691287e-46
1278.000000   4.689262e-46
1279.000000   4.704326e-46
1280.000000   4.712472e-46
1281.000000   4.724242e-46
1282.000000   4.718725e-46
1283.000000   4.734847e-46
1284.000000   4.729393e-46
1285.000000   4.694785e-46
1286.000000   4.730581e-46
1287.000000   4.742636e-46
1288.000000   4.745312e-46
1289.000000   4.789553e-46
1290.000000   4.772569e-46
1291.000000   4.817420e-46
1292.000000   4.786683e-46
1293.000000   4.806466e-46
1294.000000   4.790840e-46
1295.000000   4.824325e-46
1296.000000   4.849314e-46
1297.000000   4.814823e-46
1298.000000   4.844124e-46
1299.000000   4.845618e-46
1300.000000   4.834101e-46
1301.000000   4.825272e-46
1302.000000   4.860962e-46
1303.000000   4.866780e-46
1304.000000   4.888413e-46
1305.000000   4.899117e-46
1306.000000   4.917215e-46
1307.000000   4.943694e-46
1308.000000   4.991039e-46
1309.000000   4.944836e-46
1310.000000   4.963896e-46
1311.000000   4.933962e-46
1312.000000   4.974431e-46
1313.000000   4.947651e-46
1314.000000   4.960569e-46
1315.000000   4.962275e-46
1316.000000   4.966568e-46
1317.000000   4.975782e-46
1318.000000   4.986936e-46
1319.000000   4.988933e-46
1320.000000   5.169302e-46
1321.000000   5.017844e-46
1322.000000   5.026827e-46
1323.000000   5.008804e-46
1324.000000   5.026785e-46
1325.000000   5.042984e-46
1326.000000   5.032540e-46
1327.000000   5.058858e-46
1328.000000   5.025366e-46
1329.000000   5.065231e-46
1330.000000   5.049644e-46
1331.000000   5.052365e-46
1332.000000   5.074945e-46
1333.000000   5.083350e-46
1334.000000   5.104998e-46
1335.000000   5.106436e-46
1336.000000   5.094109e-46
1337.000000   5.108250e-46
1338.000000   5.151614e-46
1339.000000   5.140152e-46
1340.000000   5.130832e-46
1341.000000   5.144285e-46
1342.000000   5.177732e-46
1343.000000   5.169462e-46
1344.000000   5.140254e-46
1345.000000   5.165533e-46
1346.000000   5.181839e-46
1347.000000   5.184238e-46
1348.000000   5.188609e-46
1349.000000   5.208316e-46
1350.000000   5.235969e-46
1351.000000   5.200901e-46
1352.000000   5.221891e-46
1353.000000   5.227242e-46
1354.000000   5.239174e-46
1355.000000   5.241076e-46
1356.000000   5.251775e-46
1357.000000   5.274367e-46
1358.000000   5.264786e-46
1359.000000   5.283855e-46
1360.000000   5.255144e-46
1361.000000   5.298281e-46
1362.000000   5.315540e-46
1363.000000   5.297103e-46
1364.000000   5.318997e-46
1365.000000   5.319379e-46
1366.000000   5.324363e-46
1367.000000   5.320252e-46
1368.000000   5.366677e-46
1369.000000   5.360205e-46
1370.000000   5.339759e-46
1371.000000   5.367507e-46
1372.000000   5.379664e-46
1373.000000   5.395405e-46
1374.000000   5.354134e-46
1375.000000   5.391295e-46
1376.000000   5.405235e-46
1377.000000   5.442423e-46
1378.000000   5.428893e-46
1379.000000   5.424395e-46
1380.000000   5.418068e-46
1381.000000   5.439511e-46
1382.000000   5.429874e-46
1383.000000   5.463248e-46
1384.000000   5.469714e-46
1385.000000   5.492973e-46
1386.000000   5.466764e-46
1387.000000   5.494373e-46
1388.000000   5.508871e-46
1389.000000   5.521352e-46
1390.000000   5.522406e-46
1391.000000   5.534101e-46
1392.000000   5.524660e-46
1393.000000   5.521990e-46
1394.000000   5.543599e-46
1395.000000   5.562818e-46
1396.000000   5.557956e-46
1397.000000   5.557161e-46
1398.000000   5.584921e-46
1399.000000   5.546537e-46
1400.000000   5.588458e-46
1401.000000   5.616065e-46
1402.000000   5.608239e-46
1403.000000   5.595423e-46
1404.000000   5.604130e-46
1405.000000   5.624806e-46
1406.000000   5.603259e-46
1407.000000   5.635597e-46
1408.000000   5.642281e-46
1409.000000   5.645740e-46
1410.000000   5.656637e-46
1411.000000   5.686886e-46
1412.000000   5.703841e-46
1413.000000   5.670896e-46
1414.000000   5.720505e-46
1415.000000   5.707281e-46
1416.000000   5.729730e-46
1417.000000   5.711849e-46
1418.000000   5.727149e-46
1419.000000   5.738904e-46
1420.000000   5.746486e-46
1421.000000   5.755495e-46
1422.000000   5.766322e-46
1423.000000   5.746131e-46
1424.000000   5.788574e-46
1425.000000   5.805711e-46
1426.000000   5.783793e-46
1427.000000   5.813149e-46
1428.000000   5.836694e-46
1429.000000   5.802974e-46
1430.000000   5.829892e-46
1431.000000   5.842827e-46
1432.000000   5.818577e-46
1433.000000   5.837808e-46
1434.000000   5.838042e-46
1435.000000   5.838496e-46
1436.000000   5.870461e-46
1437.000000   5.891139e-46
1438.000000   5.858004e-46
1439.000000   5.890878e-46
1440.000000   5.897989e-46
1441.000000   5.893509e-46
1442.000000   5.875911e-46
1443.000000   5.902957e-46
1444.000000   5.884931e-46
1445.000000   5.895442e-46
1446.000000   5.928903e-46
1447.000000   5.930959e-46
1448.000000   5.938817e-46
1449.000000   5.930713e-46
1450.000000   5.959401e-46
1451.000000   5.946685e-46
1452.000000   5.986379e-46
1453.000000   5.970953e-46
1454.000000   5.996331e-46
1455.000000   6.007755e-46
1456.000000   7.436534e-46
1457.000000   6.079308e-46
1458.000000   6.010357e-46
1459.000000   6.009031e-46
1460.000000   6.024096e-46
1461.000000   6.359177e-46
1462.000000   8.258570e-46
1463.000000   6.899724e-46
1464.000000   6.029076e-46
1465.000000   6.062298e-46
1466.000000   6.059717e-46
1467.000000   6.249790e-46
1468.000000   6.383181e-46
1469.000000   6.127042e-46
1470.000000   6.667653e-46
1471.000000   6.168583e-46
1472.000000   7.402038e-46
1473.000000   6.183156e-46
1474.000000   7.380532e-46
1475.000000   7.511971e-46
1476.000000   6.205789e-46
1477.000000   6.193846e-46
1478.000000   7.879626e-46
1479.000000   6.194091e-46
1480.000000   6.179405e-46
1481.000000   6.406126e-46
1482.000000   7.395213e-46
1483.000000   6.443395e-46
1484.000000   9.095981e-46
1485.000000   7.251124e-46
1486.000000   6.274086e-46
1487.000000   6.369283e-46
1488.000000   6.422253e-46
1489.000000   6.227416e-46
1490.000000   6.247957e-46
1491.000000   6.243327e-46
1492.000000   6.762738e-46
1493.000000   6.341655e-46
1494.000000   6.423031e-46
1495.000000   9.743457e-46
1496.000000   6.803789e-46
1497.000000   6.308965e-46
1498.000000   6.413106e-46
1499.000000   7.058379e-46
1500.000000   6.333184e-46
1501.000000   6.336633e-46
1502.000000   6.340209e-46
1503.000000   6.613037e-46
1504.000000   6.758019e-46
1505.000000   6.718680e-46
1506.000000   6.373330e-46
1507.000000   6.397517e-46
1508.000000   6.404372e-46
1509.000000   6.374996e-46
1510.000000   6.445872e-46
1511.000000   6.536417e-46
1512.000000   6.447796e-46
1513.000000   6.449196e-46
1514.000000   6.479451e-46
1515.000000   6.481716e-46
1516.000000   6.486203e-46
1517.000000   6.542060e-46
1518.000000   6.530710e-46
1519.000000   6.512343e-46
1520.000000   6.540479e-46
1521.000000   6.569592e-46
1522.000000   6.531514e-46
1523.000000   6.544403e-46
1524.000000   6.551603e-46
1525.000000   6.564830e-46
1526.000000   6.603515e-46
1527.000000   6.553900e-46
1528.000000   6.578101e-46
1529.000000   6.600269e-46
1530.000000   6.616921e-46
1531.000000   6.579881e-46
1532.000000   6.612295e-46
1533.000000   6.590748e-46
1534.000000   6.630897e-46
1535.000000   6.634167e-46
1536.000000   6.652083e-46
1537.000000   6.609696e-46
1538.000000   6.667582e-46
1539.000000   6.626065e-46
1540.000000   6.696383e-46
1541.000000   6.650037e-46
1542.000000   6.672442e-46
1543.000000   6.681882e-46
1544.000000   6.679245e-46
1545.000000   6.671398e-46
1546.000000   6.695776e-46
1547.000000   6.724723e-46
1548.000000   6.684048e-46
1549.000000   6.718343e-46
1550.000000   6.733915e-46
1551.000000   6.724939e-46
1552.000000   6.718347e-46
1553.000000   6.755211e-46
1554.000000   6.780910e-46
1555.000000   6.776822e-46
1556.000000   6.751294e-46
1557.000000   6.798518e-46
1558.000000   6.824246e-46
1559.000000   6.827278e-46
1560.000000   6.816488e-46
1561.000000   6.825828e-46
1562.000000   6.800006e-46
1563.000000   6.833824e-46
1564.000000   6.815946e-46
1565.000000   6.828532e-46
1566.000000   6.865457e-46
1567.000000   6.888425e-46
1568.000000   6.885345e-46
1569.000000   6.837820e-46
1570.000000   6.830371e-46
1571.000000   6.896132e-46
1572.000000   6.937559e-46
1573.000000   6.978972e-46
1574.000000   6.979592e-46
1575.000000   6.860084e-46
1576.000000   6.951009e-46
1577.000000   6.957565e-46
1578.000000   6.913747e-46
1579.000000   6.937834e-46
1580.000000   6.978844e-46
1581.000000   6.943210e-46
1582.000000   6.969744e-46
1583.000000   6.942191e-46
1584.000000   6.987929e-46
1585.000000   6.954519e-46
1586.000000   6.988136e-46
1587.000000   6.994500e-46
1588.000000   7.023233e-46
1589.000000   7.004684e-46
1590.000000   7.056793e-46
1591.000000   7.035032e-46
1592.000000   7.020759e-46
1593.000000   7.062143e-46
1594.000000   7.071803e-46
1595.000000   7.085087e-46
1596.000000   7.110727e-46
1597.000000   7.073974e-46
1598.000000   7.087463e-46
1599.000000   7.101151e-46
1600.000000   7.116659e-46
1601.000000   7.131403e-46
1602.000000   7.122917e-46
1603.000000   7.128860e-46
1604.000000   7.148956e-46
1605.000000   7.154976e-46
1606.000000   7.138662e-46
1607.000000   7.128547e-46
1608.000000   7.177357e-46
1609.000000   7.155716e-46
1610.000000   7.179699e-46
1611.000000   7.198475e-46
1612.000000   7.205474e-46
1613.000000   7.190346e-46
1614.000000   7.217530e-46
1615.000000   7.230282e-46
1616.000000   7.231774e-46
1617.000000   7.230212e-46
1618.000000   7.271453e-46
1619.000000   7.272944e-46
1620.000000   7.230388e-46
1621.000000   7.283197e-46
1622.000000   7.292724e-46
1623.000000   7.313000e-46
1624.000000   7.304878e-46
1625.000000   7.288159e-46
1626.000000   7.296424e-46
1627.000000   7.357935e-46
1628.000000   7.344725e-46
1629.000000   7.351944e-46
1630.000000   7.361168e-46
1631.000000   7.383795e-46
1632.000000   7.355874e-46
1633.000000   7.378352e-46
1634.000000   7.385387e-46
1635.000000   7.406600e-46
1636.000000   7.359248e-46
1637.000000   7.388096e-46
1638.000000   7.394971e-46
1639.000000   7.422015e-46
1640.000000   7.471137e-46
1641.000000   7.450745e-46
1642.000000   7.457822e-46
1643.000000   7.436345e-46
1644.000000   7.501619e-46
1645.000000   7.509067e-46
1646.000000   7.499801e-46
1647.000000   7.500917e-46
1648.000000   7.524112e-46
1649.000000   7.537988e-46
1650.000000   7.584185e-46
1651.000000   7.559535e-46
1652.000000   7.580096e-46
1653.000000   7.553678e-46
1654.000000   7.612470e-46
1655.000000   7.527842e-46
1656.000000   7.580716e-46
1657.000000   7.562489e-46
1658.000000   7.555520e-46
1659.000000   7.567654e-46
1660.000000   7.624863e-46
1661.000000   7.601955e-46
1662.000000   7.652940e-46
1663.000000   7.648516e-46
1664.000000   7.631779e-46
1665.000000   7.669894e-46
1666.000000   7.696902e-46
1667.000000   7.649210e-46
1668.000000   7.705598e-46
1669.000000   7.641648e-46
1670.000000   7.675481e-46
1671.000000   7.662909e-46
1672.000000   7.720575e-46
1673.000000   7.723267e-46
1674.000000   7.736534e-46
1675.000000   7.751085e-46
1676.000000   7.765729e-46
1677.000000   7.731637e-46
1678.000000   7.743868e-46
1679.000000   7.775956e-46
1680.000000   7.819638e-46
1681.000000   7.813283e-46
1682.000000   7.825446e-46
1683.000000   7.747537e-46
1684.000000   7.852156e-46
1685.000000   7.853690e-46
1686.000000   7.831849e-46
1687.000000   7.869290e-46
1688.000000   7.879613e-46
1689.000000   7.867150e-46
1690.000000   7.885118e-46
1691.000000   7.949860e-46
1692.000000   7.883059e-46
1693.000000   7.897726e-46
1694.000000   7.935929e-46
1695.000000   7.938566e-46
1696.000000   7.939305e-46
1697.000000   7.933067e-46
1698.000000   7.963349e-46
1699.000000   7.927833e-46
1700.000000   7.970688e-46
1701.000000   7.992153e-46
1702.000000   7.984452e-46
1703.000000   7.959692e-46
1704.000000   8.001951e-46
1705.000000   7.993835e-46
1706.000000   7.999044e-46
1707.000000   7.951914e-46
1708.000000   8.019103e-46
1709.000000   8.055335e-46
1710.000000   8.041906e-46
1711.000000   8.042151e-46
1712.000000   8.083469e-46
1713.000000   8.054373e-46
1714.000000   8.068764e-46
1715.000000   8.059840e-46
1716.000000   8.110303e-46
1717.000000   8.125652e-46
1718.000000   8.160892e-46
1719.000000   8.186631e-46
1720.000000   8.128481e-46
1721.000000   8.161508e-46
1722.000000   8.168713e-46
1723.000000   8.163506e-46
1724.000000   8.169510e-46
1725.000000   8.203545e-46
1726.000000   8.210891e-46
1727.000000   8.169569e-46
1728.000000   8.236443e-46
1729.000000   8.204775e-46
1730.000000   8.249236e-46
1731.000000   8.239564e-46
1732.000000   8.261425e-46
1733.000000   8.265980e-46
1734.000000   8.268196e-46
1735.000000   8.303612e-46
1736.000000   8.267733e-46
1737.000000   8.317304e-46
1738.000000   8.311655e-46
1739.000000   8.321491e-46
1740.000000   8.364560e-46
1741.000000   8.383363e-46
1742.000000   8.343982e-46
1743.000000   8.407497e-46
1744.000000   8.387316e-46
1745.000000   8.360746e-46
1746.000000   8.440318e-46
1747.000000   8.381586e-46
1748.000000   8.414183e-46
1749.000000   8.417924e-46
1750.000000   8.411517e-46
1751.000000   8.434441e-46
1752.000000   8.499969e-46
1753.000000   8.445889e-46
1754.000000   8.421564e-46
1755.000000   8.449071e-46
1756.000000   8.501705e-46
1757.000000   8.463120e-46
1758.000000   8.499418e-46
1759.000000   8.539593e-46
1760.000000   8.531549e-46
1761.000000   8.527362e-46
1762.000000   8.481429e-46
1763.000000   8.547889e-46
1764.000000   8.539537e-46
1765.000000   8.533219e-46
1766.000000   8.583675e-46
1767.000000   8.616390e-46
1768.000000   8.599416e-46
1769.000000   8.627454e-46
1770.000000   8.676688e-46
1771.000000   8.641247e-46
1772.000000   8.592729e-46
1773.000000   8.631542e-46
1774.000000   8.684414e-46
1775.000000   8.667884e-46
1776.000000   8.692704e-46
1777.000000   8.620092e-46
1778.000000   8.682523e-46
1779.000000   8.678049e-46
1780.000000   8.723606e-46
1781.000000   8.725240e-46
1782.000000   8.778197e-46
1783.000000   8.747905e-46
1784.000000   8.725416e-46
1785.000000   8.761457e-46
1786.000000   8.748342e-46
1787.000000   8.757274e-46
1788.000000   8.750638e-46
1789.000000   8.843264e-46
1790.000000   8.804649e-46
1791.000000   8.859568e-46
1792.000000   8.839628e-46
1793.000000   8.844651e-46
1794.000000   8.831300e-46
1795.000000   8.871525e-46
1796.000000   8.881986e-46
1797.000000   8.882235e-46
1798.000000   8.935062e-46
1799.000000   8.903702e-46
1800.000000   8.975754e-46
1801.000000   8.941444e-46
1802.000000   8.962313e-46
1803.000000   8.935512e-46
1804.000000   8.952384e-46
1805.000000   8.923747e-46
1806.000000   8.931051e-46
1807.000000   8.967667e-46
1808.000000   8.928541e-46
1809.000000   8.955481e-46
1810.000000   9.008069e-46
1811.000000   8.996818e-46
1812.000000   9.003666e-46
1813.000000   9.028020e-46
1814.000000   9.064341e-46
1815.000000   9.030983e-46
1816.000000   9.057724e-46
1817.000000   9.048083e-46
1818.000000   9.123026e-46
1819.000000   9.093178e-46
1820.000000   9.111679e-46
1821.000000   9.110210e-46
1822.000000   9.129232e-46
1823.000000   9.100389e-46
1824.000000   9.175829e-46
1825.000000   9.178964e-46
1826.000000   9.184130e-46
1827.000000   9.217291e-46
1828.000000   9.159104e-46
1829.000000   9.190244e-46
1830.000000   9.208809e-46
1831.000000   9.232866e-46
1832.000000   9.234658e-46
1833.000000   9.261024e-46
1834.000000   9.181498e-46
1835.000000   9.253285e-46
1836.000000   9.237983e-46
1837.000000   9.336863e-46
1838.000000   9.327015e-46
1839.000000   9.277723e-46
1840.000000   9.305853e-46
1841.000000   9.306422e-46
1842.000000   9.297049e-46
1843.000000   9.364186e-46
1844.000000   9.368583e-46
1845.000000   9.358030e-46
1846.000000   9.339340e-46
1847.000000   9.317224e-46
1848.000000   9.398173e-46
1849.000000   9.439127e-46
1850.000000   9.472484e-46
1851.000000   9.432209e-46
1852.000000   9.463062e-46
1853.000000   9.417860e-46
1854.000000   9.469011e-46
1855.000000   9.463024e-46
1856.000000   9.419166e-46
1857.000000   9.456042e-46
1858.000000   9.477614e-46
1859.000000   9.448681e-46
1860.000000   9.516845e-46
1861.000000   9.475329e-46
1862.000000   9.539392e-46
1863.000000   9.512393e-46
1864.000000   9.542817e-46
1865.000000   9.533622e-46
1866.000000   9.589604e-46
1867.000000   9.558048e-46
1868.000000   9.560182e-46
1869.000000   9.590869e-46
1870.000000   9.678529e-46
1871.000000   9.634803e-46
1872.000000   9.623492e-46
1873.000000   9.613550e-46
1874.000000   9.615902e-46
1875.000000   9.660624e-46
1876.000000   9.630332e-46
1877.000000   9.658679e-46
1878.000000   9.682118e-46
1879.000000   9.649863e-46
1880.000000   9.707211e-46
1881.000000   9.691336e-46
1882.000000   9.768951e-46
1883.000000   9.725723e-46
1884.000000   9.749567e-46
1885.000000   9.724853e-46
1886.000000   9.787979e-46
1887.000000   9.793721e-46
1888.000000   9.786244e-46
1889.000000   9.812055e-46
1890.000000   9.769841e-46
1891.000000   9.830692e-46
1892.000000   9.871186e-46
1893.000000   9.844138e-46
1894.000000   9.822822e-46
1895.000000   9.882311e-46
1896.000000   9.884625e-46
1897.000000   9.893340e-46
1898.000000   9.933727e-46
1899.000000   9.917018e-46
1900.000000   9.943119e-46
1901.000000   9.882217e-46
1902.000000   9.956439e-46
1903.000000   1.001163e-45
1904.000000   9.964999e-46
1905.000000   9.992078e-46
1906.000000   1.009150e-45
1907.000000   1.011840e-45
1908.000000   1.001710e-45
1909.000000   1.006496e-45
1910.000000   1.005607e-45
1911.000000   1.009836e-45
1912.000000   1.011534e-45
1913.000000   1.011749e-45
1914.000000   1.007118e-45
1915.000000   1.007690e-45
1916.000000   1.003033e-45
1917.000000   1.011116e-45
1918.000000   1.006705e-45
1919.000000   1.010549e-45
1920.000000   1.018328e-45
1921.000000   1.014315e-45
1922.000000   1.038289e-45
1923.000000   1.017311e-45
1924.000000   1.024111e-45
1925.000000   1.012205e-45
1926.000000   1.096178e-45
1927.000000   1.023378e-45
1928.000000   1.051234e-45
1929.000000   1.022082e-45
1930.000000   1.018569e-45
1931.000000   1.020548e-45
1932.000000   1.063728e-45
1933.000000   1.017213e-45
1934.000000   1.027414e-45
1935.000000   1.021411e-45
1936.000000   1.027828e-45
1937.000000   1.026273e-45
1938.000000   1.027722e-45
1939.000000   1.023487e-45
1940.000000   1.035433e-45
1941.000000   1.171819e-45
1942.000000   1.183417e-45
1943.000000   1.032269e-45
1944.000000   1.038493e-45
1945.000000   1.030983e-45
1946.000000   1.031200e-45
1947.000000   1.032894e-45
1948.000000   1.033268e-45
1949.000000   1.038572e-45
1950.000000   1.040852e-45
1951.000000   1.037083e-45
1952.000000   1.044570e-45
1953.000000   1.050471e-45
1954.000000   1.095178e-45
1955.000000   1.043188e-45
1956.000000   1.052522e-45
1957.000000   1.090887e-45
1958.000000   1.104807e-45
1959.000000   1.098224e-45
1960.000000   1.051982e-45
1961.000000   1.048311e-45
1962.000000   1.091147e-45
1963.000000   1.056912e-45
1964.000000   1.052728e-45
1965.000000   1.052384e-45
1966.000000   1.110621e-45
1967.000000   1.082410e-45
1968.000000   1.051778e-45
1969.000000   1.059364e-45
1970.000000   1.058758e-45
1971.000000   1.061454e-45
1972.000000   1.068492e-45
1973.000000   1.087856e-45
1974.000000   1.065071e-45
1975.000000   1.070540e-45
1976.000000   1.068331e-45
1977.000000   1.062167e-45
1978.000000   1.075955e-45
1979.000000   1.071046e-45
1980.000000   1.074951e-45
1981.000000   1.072911e-45
1982.000000   1.072957e-45
1983.000000   1.074752e-45
1984.000000   1.073949e-45
1985.000000   1.097928e-45
1986.000000   1.104250e-45
1987.000000   1.082921e-45
1988.000000   1.178907e-45
1989.000000   1.077435e-45
1990.000000   1.087494e-45
1991.000000   1.085645e-45
1992.000000   1.087732e-45
1993.000000   1.087035e-45
1994.000000   1.084597e-45
1994.000000   1.085364e-45
1995.000000   1.088187e-45
1996.000000   1.089875e-45
1997.000000   1.089054e-45
1998.000000   1.094884e-45
